10995727524111827
2726461768215339870
5977619964365649854
4467254626394215833
505131999617754269
725945402430459115
5995369645461766470
6419750632493207324
1029525432526547587
6544268225799106420
3953083261750083093
6492659820266639492
2090149401416349167
3058166260877731045
4220481455202867125
2431980882859478424
9214725325135165505
6938918636398330784
3340171924245433817
8119957389959142198
5984860357049778272
-6527892933557962736
5561574487910670735
5042237697267512489
-3418928890007288359
8687162452616985127
7840117700028996760
-572070456909476721
5452384212306589718
6804059626958396489
-7946634962255103663
7798910018708664848
-9097421073515667471
4883074353244055243
-2861503841973791836
-3637921597605241351
6864083203637675705
-7048935701478446537
-7981648267582212817
-305790730140060189
7024458078075458814
4672393005696959492
-7551396364814537383
1936729272216597659
7443710575351465628
